5258
4751
6652
8812
1127
4297
1156
7181
5953
5468
910
5508
8383
9418
3128
8592
7812
9980
2965
5037
651
9558
8115
5428
4607
3281
8786
2307
9926
8064
5048
1536
9167
8052
348
295
8702
7857
7476
4655
9677
4738
163
8060
509
3292
3004
8321
3272
5969
9710
276
1879
7825
5704
2838
1107
4490
1497
7385
8906
6545
5273
8074
949
5621
8369
9651
9830
2197
4306
9507
3287
4470
3919
3796
4114
6923
8469
7386
9244
8180
7662
7475
2357
9718
313
9816
4209
8162
7201
3115
4707
2474
7541
2009
4448
5910
1660
630
4459
5967
6490
7747
6789
409
7895
903
3685
6365
4641
9281
897
2304
6757
9606
8374
3422
9423
2583
1585
2976
2051
2644
5451
9592
4653
6251
1855
2666
3233
6314
4985
9723
413
1774
133
8309
2677
170
1026
3670
9451
8275
2326
2560
7881
701
2335
3656
3284
3920
6633
1687
2916
8436
1280
3922
4687
9487
6588
4272
2153
1573
3996
2567
9699
481
7228
8728
651
4606
2398
6454
9233
4725
9015
7114
5426
1350
7123
5062
1622
3756
6750
890
2192
4382
4812
3231
3869
7752
7503
6022
5677
1499
4941
1728
8332
8521
456
8983
3127
9207
5438
2360
3932
805
5827
9358
2155
2950
772
129
6706
7522
1019
8898
1904
2184
8481
2125
9936
5984
4500
1966
3836
9441
3694
2168
7963
503
7504
7442
9710
9294
9803
3642
99
5630
9352
8606
4932
6476
8735
1638
3999
9754
6888
2255
1938
5369
733
8227
7705
5233
6545
1541
1026
6591
62
5341
7094
3918
2784
6804
3212
2587
6798
9663
4569
2502
4621
9501
8979
3356
7491
2978
9462
731
1585
7753
2452
2318
2332
157
7551
8877
8051
4930
5468
4465
271
2563
8383
3055
5719
7947
1994
2518
7610
6563
1372
8583
2416
351
1939
6259
9681
7753
6990
1267
1858
9442
9937
4190
5952
3841
3067
4003
8771
4888
4820
9042
7451
3203
2098
9522
1150
4092
8392
5112
7008
9765
3695
5776
6468
1986
2036
6150
6091
9026
3769
7950
4821
3706
2140
773
3899
1560
1128
2670
6448
5948
1713
251
5503
163
6125
6653
4255
4518
8117
1263
4283
1812
7040
751
150
5428
3253
6241
806
3374
4191
5627
7081
2684
2752
7332
4244
232
3
7044
2532
1716
3647
8035
1879
9772
1040
2486
4290
9157
102
4925
7321
3494
2029
7471
8922
1634
65
6080
5009
608
1708
8442
3292
812
5774
3888
7397
5777
7284
9929
3845
931
7965
2076
704
5357
4563
1346
4515
1017
2624
8188
4511
4653
5660
9785
6287
2077
5865
7648
2685
3925
6090
2330
1090
1865
6218
8487
7642
9855
8416
7840
786
2733
9916
7842
8091
831
5541
8958
1848
8165
7146
2711
9170
9158
2496
1809
1235
4714
9458
3921
8639
5548
2603
9729
7413
8821
8216
1408
8676
2985
5600
5815
2070
1868
9
6513
2700
5550
5471
900
67
2618
9964
9237
8128
2460
7399
9364
7174
6857
9637
2166
2405
2240
1895
6171
7413
6464
3931
2442
5801
9531
4609
7871
1399
4618
4385
451
6521
6208
7704
2940
5178
7668
2178
3307
6480
9577
2671
7
2786
2308
2173
1543
900
420
7714
8313
3236
1645
755
9037
7528
1716
3261
5280
6335
3998
5731
9208
206
3435
2148
5385
7455
678
8692
3936
6607
7715
3943
9393
6375
6116
937
7275
2888
8651
1940
6125
6649
9048
1514
529
764
4775
5809
7099
8773
7893
6307
5332
7680
4808
717
5136
5486
5761
9072
2094
3476
3015
1487
9851
5483
2424
3478
8371
7428
5418
4496
429
4466
2363
958
5231
7138
3120
8682
2264
1013
1342
7596
5045
6150
4665
181
1636
6778
9253
3730
6606
8620
5218
2809
4103
3994
6287
2475
7774
8057
3323
8203
2524
5686
5514
4107
9177
4986
9141
7793
2351
483
5389
7396
6633
6406
7578
4622
9536
6831
8352
6142
5452
9922
8951
5907
269
1590
4734
8043
9647
8058
2599
8523
96
4465
8982
5625
9451
8124
3418
1802
8607
5159
5550
1593
7917
3128
2567
7453
6312
7271
9947
8116
3546
5250
4023
3815
6840
8758
8210
2840
3168
7161
1363
9616
1626
6698
5242
7429
4822
5012
5583
9781
172
1134
7726
8089
4262
293
1895
6926
7565
1842
5042
1111
7093
5418
1278
285
528
5840
9477
3696
3002
7193
9664
980
3891
1258
8410
8713
6271
345
8494
6443
1479
6221
884
2094
2866
2779
5372
6783
974
415
4246
4419
2185
5524
1056
2713
7717
534
2761
719
7727
2425
8051
1618
3684
2813
6683
6307
3159
5177
9102
990
7750
9986
3084
6969
9118
8457
3752
6444
5224
7999
863
7409
9875
1919
122
7592
8805
9235
4663
6532
1660
2715
4502
1696
5528
1185
8003
8687
2715
7105
9678
6817
3444
9114
3786
2562
3923
3891
9006
9147
1890
6221
2908
8117
4492
9382
5710
3298
8617
6725
6182
6630
9440
7037
8326
4969
8222
2682
8
7289
9787
6038
4107
3231
1505
4245
2145
5428
8136
7503
928
6378
76
3836
4496
4569
9571
6558
4219
8188
9635
6753
1170
9076
3790
9497
397
8365
8531
6757
5654
8318
2796
9761
7902
4301
4007
6399
6081
8495
255
7009
1226
331
7198
5722
1252
6769
8632
5471
1309
8267
8577
8832
3695
2367
8329
4092
732
6860
7202
2739
1530
9998
2500
5784
651
2859
8536
3084
7707
8791
94
8933
9122
3644
1007
375
6765
9639
2198
4426
4258
7127
3258
4306
5847
7939
4750
2931
1151
1952
5670
2682
8302
8171
4818
5305
7382
3354
8390
5089
2145
4836
4022
7620
8480
5029
4347
1597
1020
6545
6023
1631
3673
9282
5937
5872
7221
687
8803
4725
8992
4474
7407
7294
8997
8577
2600
6379
8284
7342
7821
429
2178
1843
8049
7010
3225
2396
4959
4245
5294
982
2228
5319
6616
8165
1191
190
5205
9994
4915
4197
820
8674
1491
9817
7251
443
6197
5535
4137
370
2317
2667
2213
6718
6029
1790
5467
988
6036
7113
1971
4616
8784
4939
2782
9975
5129
7987
6321
6396
8536
7142
5070
6379
3311
8674
3175
9508
561
7312
6230
2878
9980
8444
5949
6009
6586
1416
6998
2622
4881
5321
7239
3665
6612
6373
9992
1742
712
6313
4490
5600
9807
9561
1979
3119
8235
5154
8979
5148
2467
5210
8027
8799
6
328
4808
6592
8096
8158
5567
2977
9831
9158
6642
6444
1883
2986
4538
8947
5651
9028
4547
5459
8589
6526
4930
3176
8033
261
8325
500
1823
2704
5651
8181
9384
6811
1126
7480
4970
3045
457
4801
8555
3451
1245
438
6437
2135
9385
2088
1164
3932
3899
6105
6810
5181
5634
4843
1795
311
1695
9970
9367
7346
8152
8751
4158
9278
6231
9128
8675
3040
281
7230
2843
7879
7668
9280
14
3405
7720
7530
3689
7972
3636
499
9505
5622
5343
1300
5933
7038
1271
1652
4385
5775
403
4895
1405
2986
4023
80
6026
656
7310
8869
8535
1330
4501
4902
1087
8573
2432
4776
2897
2420
1627
2403
8042
6970
3703
327
361
1326
1979
4746
3453
8734
9641
4858
1720
16
4938
4098
672
8600
9319
5560
6282
3820
462
3721
8746
2894
8497
1643
1667
125
4046
9709
3447
4102
6389
3808
1780
8368
4906
5234
7103
4547
92
5175
915
1383
9274
7940
6335
8593
3500
8970
8766
314
2691
3864
9560
7541
5507
1227
7666
5906
7289
7465
8
3678
1274
8140
2046
6180
3374
5501
7080
9819
7029
4347
1202
6303
2287
3889
1248
2139
2859
6366
2453
5551
230
8366
3092
2090
9593
7110
7996
3234
4575
4356
6912
2201
2496
5311
8382
5871
7164
1814
2042
4193
6161
9596
6848
4801
3485
8097
6940
2697
815
5746
8248
1046
4112
7692
9488
57
1154
7484
3292
2081
1840
204
4283
688
5515
9017
2911
9032
831
4953
3225
3344
4549
74
8145
4387
4523
1438
7084
5338
7184
1684
2736
7648
5728
2224
7705
6882
9708
997
8963
7900
7554
3246
8589
9421
8615
1500
8453
5798
6454
1679
9143
7355
8105
3640
1742
2628
5078
5178
7966
8614
6862
703
6262
2590
9279
320
9472
5340
1317
4788
3240
5223
4386
8181
4645
3002
9682
9450
8800
2488
1129
4295
9843
5586
7936
7938
8214
9366
3116
2533
7981
6331
9588
595
8921
8867
915
4746
4207
8585
9534
3800
160
3920
1981
4805
3274
1663
608
2075
503
1737
6370
6699
3676
658
4637
1890
25
4105
4423
4358
436
4011
1305
5710
2879
8573
6808
3438
7158
2694
7238
7318
6614
9220
8476
6241
7235
9084
4668
7739
7173
7390
4438
849
8049
5427
9092
4426
5884
3515
5136
2673
3879
6441
4735
6758
5014
1543
6548
8524
4237
3787
2195
7203
9359
7023
3444
6594
6107
8112
685
9632
5503
1475
6834
9904
6902
5926
682
9139
5793
5818
1812
9672
2259
6547
2782
3626
8090
9331
2150
8679
9470
4345
5882
8829
7720
9327
5423
3827
3791
2461
9812
5646
3936
6646
5550
839
8924
2584
6330
4717
8402
8142
742
7014
1041
3524
640
5483
9207
9142
4162
5029
9840
6396
3858
7560
5723
5634
7740
5867
8095
7552
1513
2031
550
3416
9222
5826
6000
1904
6895
755
6398
7637
7769
7439
7514
4761
9274
3073
3903
9788
8103
95
6185
8313
7656
8260
3947
1748
4127
8394
5652
1993
6778
2554
5409
2352
8380
7761
4257
1627
8516
655
9265
6285
4447
3131
7398
3721
2556
7654
3510
659
7749
9695
5325
1757
4307
5624
3505
8435
4019
5509
428
7149
8063
2189
9501
2795
6302
110
4423
4819
766
40
7456
5213
9523
4855
5286
2079
2509
8796
9091
6610
4843
4416
8368
9151
40
8225
3938
411
87
718
7560
8150
9259
3414
7298
5561
3524
1721
380
4290
8113
4189
5855
7636
5396
1142
6067
7905
6290
5158
867
7486
9574
5587
2989
5967
3813
6927
6378
3900
7645
3939
8402
6904
7353
2052
2465
7229
3773
9198
1520
8238
3387
7375
2226
5135
4869
8294
9392
1160
9804
259
8646
5731
5847
1635
1698
6012
4914
8076
6264
8911
8367
4666
2167
2072
6719
4632
9302
6844
182
7174
1435
9921
901
13
5056
5771
8307
4448
3283
4464
1060
8281
195
6907
6268
8245
9271
1182
2673
5535
93
1041
6553
2260
9465
9624
3244
5119
2821
9779
2293
4256
6052
9547
621
1109
5318
8929
1909
4953
9745
2969
3234
9940
6228
5854
4537
5499
7036
7210
7386
3481
4603
3940
2093
4069
9916
1689
9188
2737
1468
7834
3345
7521
7381
3967
4982
9051
9248
3243
4004
5345
2565
3590
1637
8793
9444
6174
645
2832
3384
4383
2665
7988
4675
1110
2057
4592
2799
7597
3681
620
5431
3379
4493
9164
7346
5827
8215
2946
9070
8571
8291
1635
8513
9928
6781
4309
6102
3778
3493
5838
4513
6158
3826
9189
3620
2235
133
6420
9833
3814
3392
1616
7193
7885
7133
891
64
5348
3837
9134
272
8480
7122
8785
4760
255
9447
862
385
2940
6701
4898
5451
6879
439
9071
9115
572
1843
5300
4387
5235
6916
7932
9472
4049
8824
9536
5750
9013
5023
2374
7494
8497
7511
2254
5104
6958
9469
5489
6251
2522
6739
1702
9401
7179
7125
8516
7751
5321
3816
2138
556
7085
6423
6381
7486
5247
2269
9588
4260
3644
1962
8106
8493
9474
361
3597
6432
6182
9086
9035
8704
5826
737
4457
3005
4215
2974
756
9536
3142
9247
6444
6579
2022
9177
418
7269
1447
6
7881
1443
1969
5988
9937
1443
2701
3534
4227
8883
2621
3263
3939
4799
352
8396
4156
4567
7722
1264
455
7217
511
6900
148
8885
6077
566
6154
3876
573
4036
1672
2542
6376
1609
337
9077
1495
916
4312
468
531
8251
5267
884
2999
9423
1803
722
688
2259
4291
7551
5511
4439
6437
7940
5006
8943
1817
1931
9331
3489
825
5707
1450
1162
1136
2945
8430
1800
3414
8962
6403
5033
6198
9403
4457
4353
6477
1497
2964
768
5400
8475
1559
8189
2768
2917
7133
4585
4848
6464
4426
5673
8524
2228
3187
6012
5173
1618
7813
4939
6932
4216
6325
9482
9971
7134
3835
6448
8631
3152
3568
4031
7979
1480
2221
747
4397
5706
1684
9246
8522
6110
4919
7046
4690
4459
3059
6216
6077
872
1155
9361
1440
7480
5195
1412
4614
9030
4212
9597
8534
7781
9981
6514
5613
8554
7261
10
4260
8946
9256
2782
1408
528
6181
6099
4987
9240
2315
7416
6464
9822
3129
7904
3655
8324
9316
4621
3706
9881
4219
2241
4014
552
5107
9627
9106
2368
9637
9718
7666
5246
8852
5427
2126
5033
7878
3465
625
6545
7233
7089
6367
362
1346
6374
5038
7014
996
8744
6895
1567
7337
909
2119
2444
536
7577
1165
6526
3647
5183
1772
2499
610
3898
3885
4840
3715
862
1385
948
4304
4105
7662
5650
479
2700
9016
7827
7796
5912
9394
1486
3173
7865
282
62
1794
1447
6588
5441
2983
4712
4293
9945
4962
4530
4786
8677
5392
6171
9625
9696
6628
7287
1698
7108
6339
715
4935
4135
2979
682
1973
6152
8547
2256
6214
342
55
2802
2135
3038
3866
6428
9336
8828
7310
4122
7505
2703
6645
7130
8751
3274
769
450
6734
7108
1165
8021
7596
4144
8703
9569
6648
7251
1825
2863
3945
1881
2017
6080
1271
5884
8861
607
4712
6171
1081
8570
5226
4079
2052
3978
3705
2822
4428
6791
6282
1945
4812
230
6089
3516
9800
2737
767
7977
1952
1064
6210
322
7144
3834
2558
2357
4441
7270
4881
1875
2192
107
2306
4245
4085
6011
3419
4865
2802
9701
6810
7614
6284
9251
1130
6084
1989
8249
413
293
9313
6624
615
2810
458
3173
1519
1251
6796
6400
9478
5340
6508
1784
9585
593
4147
3004
5459
3301
9058
8621
916
5342
7873
8398
7778
6214
3000
8191
6507
8665
1167
3475
7827
7977
3000
9347
9229
6148
5747
5059
1489
2255
6844
7426
9201
7343
431
1012
645
5841
9633
7913
7535
7506
2663
5313
3720
5663
9856
6580
681
1024
6407
8508
9001
9407
7855
4582
1908
3603
5994
3397
2210
2838
823
1411
6533
7606
2423
7178
3447
8409
5091
982
5915
7755
2647
5988
9770
2504
2568
451
3528
8975
5312
8881
4734
3167
9816
6642
3122
5810
39
5333
5000
7215
3096
1533
4821
1872
5064
4621
281
155
1955
2548
4262
4603
8536
4033
7107
7456
836
6987
2783
6148
2220
7518
5668
2036
512
5142
4198
6904
6827
5550
4119
9924
7084
5292
8148
8500
6265
4781
8655
8221
7329
9270
2824
2218
9655
6283
9674
491
9622
8810
2992
1842
6328
5012
231
3192
154
781
96
3334
6332
4215
3258
9768
5860
7758
8268
2125
2539
3275
6698
9868
2545
5874
8438
2200
2157
4465
9044
8131
3275
2036
9974
5955
3400
6557
9147
3554
7338
9244
3240
22
9811
2850
9790
2023
608
4410
4149
3147
7686
7199
9368
231
3074
4158
8784
5231
8623
7828
3363
1898
6216
9689
7853
9616
2598
3353
9522
6288
8949
2763
6311
8760
5613
2453
7136
2574
6864
7637
5721
902
4836
1441
1133
7910
5600
6269
3142
4223
4097
2857
2474
6665
8898
6679
6281
1496
32
2156
7784
8981
1271
447
4094
6884
2901
1230
5810
6117
8867
7884
7019
3703
9325
4504
1614
1277
774
1108
1853
1223
317
4327
7889
9215
1006
522
7063
7391
9030
1199
6372
301
7999
6818
3538
900
8048
9348
3369
3267
7232
388
6971
2910
4892
4937
4187
2018
2397
6040
3242
2714
6719
7483
8281
7726
8005
1696
5117
7036
9247
7841
3689
7246
4660
7227
8146
9060
6576
7867
2328
3808
8255
5651
6718
9500
588
7258
1518
9337
3298
1112
8403
6370
8595
6684
4096
2953
4732
5565
6341
3979
9758
30
1226
4418
7258
5724
3479
3834
3592
5807
3994
8199
7810
7065
7699
8398
675
5570
4087
325
6682
2490
6695
1630
5526
7143
4583
258
2708
924
4237
2467
954
5463
3237
4564
7540
6716
8398
1132
8875
8745
9331
6685
2162
3383
1435
9189
8953
1874
9514
1987
4364
6210
3617
9890
3353
8200
148
2414
5476
738
1233
2783
6201
4470
7347
93
7539
2098
1225
2766
7195
6909
5804
9357
6644
7239
8546
5597
5466
4412
3936
9830
6974
7554
9721
6680
2106
6221
9094
3935
6959
6679
6718
9513
1149
4065
9606
5040
6163
7184
7807
3358
445
3611
9067
7089
7202
3965
9038
2668
4730
2974
2499
1704
528
8572
8384
8987
1145
7478
2922
8105
4157
5992
3970
1659
57
3576
6699
2573
7112
4506
2283
7557
4469
7703
998
1672
1668
36
4340
2750
3011
3191
4455
9891
8115
2839
5230
9261
6670
8152
3718
7179
4144
7688
5190
554
1264
8242
3127
4729
2748
1762
2286
3570
9465
3285
5242
7486
9673
5934
236
2684
5478
4691
8928
9945
3883
4158
9206
6905
8663
2924
4084
9159
612
5627
9713
8229
3869
9192
2958
2969
955
1596
6539
6772
1233
8133
4258
7259
420
4495
6295
5898
5538
5223
5843
5773
5734
1402
2678
749
4326
3115
9908
1291
8742
5974
5872
8963
5166
5182
1932
2473
3130
8472
5598
4364
2957
9856
7975
3377
703
4270
5627
2594
9494
1471
8367
1580
9225
7398
2329
3551
513
2237
1194
5607
8211
7066
4570
9730
8600
6502
8555
1731
1326
505
2447
4284
362
422
7661
7417
4692
3289
11
538
1112
4731
2118
337
2129
4447
240
8994
3037
7787
4601
7600
4853
5523
3682
3454
2025
8590
1537
9704
9095
3984
3988
9457
4406
8001
3227
9098
7642
9590
9637
8754
4321
8107
5443
2802
2555
2036
1796
1944
9823
2749
9544
1028
8272
3227
834
6650
1817
2371
6354
912
6355
6694
6722
761
4695
9949
6212
2338
9539
2201
7444
213
308
9240
3015
9215
1276
1164
1159
7451
3913
7056
8479
8538
6635
9314
5188
8452
1685
1542
5716
4393
8236
8790
1506
9283
5091
7718
7973
983
6271
1770
1196
2932
1010
563
2147
8638
8079
9659
6089
1993
3067
4568
531
9702
3882
5719
4506
1920
3613
222
6313
1849
5365
7819
1132
456
1890
5458
1439
4513
7228
2635
7445
8238
9551
5945
3228
7630
1956
9317
5975
5023
237
2858
4725
4120
8577
9231
2392
8542
5805
5057
6743
1170
9228
7876
1627
1118
3334
3066
1984
6914
2054
9429
5152
1605
5374
8380
5587
7330
4049
1563
8705
4286
4421
3430
4758
9351
9013
7150
7893
4819
2207
4637
2341
7788
8865
3968
5258
8551
3387
7242
5465
1793
6672
6969
9750
8398
1701
5337
2081
5750
6900
786
36
7674
569
4795
7025
9582
8297
1270
753
6857
5907
3095
4645
1124
3415
9903
6027
3154
7146
1492
4947
170
4813
4697
8568
6514
35
7001
2264
3287
4140
8653
961
4709
3448
4338
4291
1745
5609
5045
8602
7868
4492
9599
5345
4259
9503
1372
7414
6649
9217
2361
3171
4030
3411
8091
6897
9798
5093
9161
3085
9233
7814
399
3942
7614
4737
4585
5712
6698
5982
4314
919
6826
3914
6264
1086
9769
3988
8500
2770
9557
7213
5941
9940
624
4032
6837
422
5477
2350
3508
4710
6517
259
5004
483
1348
5942
6195
4399
1924
6862
5318
8751
7128
7934
6189
6897
8274
4689
9667
7832
1902
5608
7772
2527
5992
961
2949
1470
3311
2809
2532
6180
9420
3889
6664
769
6183
2859
5168
4459
9721
486
9562
3201
4772
5751
98
3046
440
6117
7230
8695
8077
5002
1222
4070
5963
523
1892
5627
9685
776
8159
9105
4665
4823
6226
848
4035
1394
5308
3756
8232
1222
6958
9356
6974
3408
2403
7414
9526
9633
6109
7603
988
3683
8025
3303
559
9917
5282
6596
694
3442
2053
1711
8265
8280
8912
2300
6026
572
2409
611
1794
5719
9967
8768
5479
8722
2535
5005
4708
4996
8961
5696
5032
6986
5351
1943
3256
634
8539
3950
4076
592
2013
8693
5224
925
994
1251
7849
9755
8214
5996
1826
8181
4764
7305
6904
3651
2311
1612
5000
7624
3660
32
4610
9011
1975
7866
9645
6866
8168
73
3810
6534
8767
9035
3811
6113
6638
1661
5868
4852
7657
4046
9385
8773
1351
6289
2425
14
4253
7425
7638
4265
3809
8601
3277
5784
6467
9274
9002
988
9348
2812
7522
8115
8199
1333
4228
4837
2994
6448
6041
7003
494
5427
5777
1845
8068
4554
8212
8674
8331
5850
2939
2140
4451
2568
4276
7271
1843
3278
4611
7543
2442
2133
5658
642
9818
6238
1831
9165
2686
7873
6168
9532
9652
8297
7729
4072
2851
5941
2746
1182
8144
2038
9674
2595
4606
3950
6218
2801
3580
829
344
2375
9314
2354
3017
9133
8592
4848
8298
7630
9073
4466
7162
5077
2764
1244
5502
1967
7185
8248
9502
5329
6638
5528
4277
7597
9479
6847
398
9411
7677
7095
1786
6991
9449
1155
2476
8042
2356
774
2024
7781
1593
5539
2859
709
6783
8361
2676
3968
2961
8530
5650
5952
4059
6279
3549
9890
3126
3947
5653
803
7394
7440
4147
6844
4947
6623
1238
7303
3750
3262
1437
5343
5153
4296
6052
1936
9009
5080
2257
8322
3611
4259
4274
7670
538
4175
3912
3664
4475
9565
820
1869
3357
1319
8713
8305
4294
6303
1960
8044
5918
3397
3387
1071
4045
9439
9360
3054
872
1617
7729
4483
5876
8355
8505
6414
2531
2417
6430
7006
1982
7250
8875
5340
8569
3941
3645
2864
6596
5605
7260
2514
9003
648
9938
3048
6439
9298
2455
7311
7267
6536
8146
9495
4891
6651
2261
3774
9068
8691
7132
7403
2294
2360
2743
7215
6301
2740
79
9249
4697
3692
1764
3700
692
8054
3101
7131
3704
1908
795
971
4796
5293
466
6039
1945
9079
6166
7365
7770
3298
4768
64
5658
7511
7280
8311
6603
3711
7561
1301
7403
5677
1353
8095
3731
806
1579
7435
9066
8726
4758
3862
4019
1576
6254
2316
655
2420
9682
8425
5718
802
4842
1377
4666
8474
9688
1269
2185
7249
2570
5941
9278
3924
388
3009
1082
8319
6796
149
3397
1554
4011
3769
9482
6617
6085
137
9037
2119
8563
4756
2922
9757
2485
7588
8231
2173
5209
6768
5775
4132
2709
5053
8056
9450
4415
5490
4121
7563
5639
7519
5470
6003
1288
4952
2620
3725
5090
1658
5845
5
2766
5119
9762
5251
9059
7993
7424
4268
1113
9551
8400
175
957
2808
9625
1724
8299
3746
9287
3938
7617
4757
6293
8905
6062
8914
2631
1152
6924
4828
1157
9690
9947
7271
4941
9006
1616
8717
9626
2729
4621
8027
2904
5578
835
8881
7302
5486
8980
2941
5777
6597
7699
2070
5503
113
984
4486
1265
7908
5666
8774
3950
5613
2397
8891
971
4013
3961
597
3094
8582
4976
2351
4160
2164
1232
7814
7650
212
755
3427
6810
4806
5498
8665
4919
2834
9503
6184
7095
5169
1310
1045
7134
3707
6289
4457
4072
250
5054
7167
8832
31
5870
9344
2195
7102
7158
6197
3667
4265
9625
6829
9072
1475
5494
3991
661
1349
6528
7756
2870
4190
5154
6356
4250
1443
813
8322
8045
2219
1841
3229
8602
7711
2573
797
1166
6083
3347
4833
348
9324
1662
5772
7151
3508
6116
7812
1209
2644
1921
4079
3186
7075
435
7436
4870
1248
2111
9267
9819
3952
2496
8422
8016
1421
5571
9182
7504
8918
367
4204
8242
8381
9977
5393
8241
6093
9558
9450
5089
1479
3529
8275
4906
316
2064
6128
7916
4175
5395
7735
8127
4243
6157
2495
5664
1729
1677
9520
6999
8396
3724
5242
6777
3701
6987
5018
6146
6545
820
1235
4376
4349
5863
9282
1017
7927
1762
8933
2102
3509
3021
6581
7752
5530
9077
9768
7259
7106
9288
611
1855
9365
2205
8632
9418
9192
3
5565
2090
823
6800
2818
1525
2663
8453
2542
6942
215
7828
9044
3725
7201
1978
7829
2731
1055
7598
6343
4513
3238
6954
6368
2603
9159
1353
2022
4703
1356
3939
3145
8531
7091
5964
56
9755
4417
8951
6697
984
3131
2094
4709
332
4072
8891
9415
1479
6489
5758
5992
9727
9064
8713
8683
4575
66
7057
9279
1422
996
8776
6305
8087
4740
6362
4194
5509
1665
7244
2846
1148
9338
7555
1480
9762
2798
7247
1241
9287
3006
3585
5367
8422
2298
402
2998
2364
7459
8629
138
4807
7405
6444
2894
8498
9158
3441
359
7175
685
3205
8323
6375
7113
9803
6137
9911
3402
3730
5551
6408
7315
7270
1183
9614
7672
4181
1978
5131
9162
8469
6290
2919
4913
5536
1417
423
8977
8129
7598
6014
1334
5921
2389
8447
2076
4878
4711
5478
4960
262
8239
2276
7532
9422
1890
5204
9955
220
6687
9117
8689
2977
2036
9954
4865
9806
377
3843
7935
4327
9857
5621
248
8599
4069
2324
9829
5132
4155
4790
5394
2394
3418
9278
8168
1660
834
8123
1880
7521
3592
6922
6850
1980
3228
1715
1786
9958
1910
6073
4285
8120
1695
4534
3071
2116
3210
2900
7248
7365
4042
8994
6111
7460
8272
4279
9120
9106
8754
7353
2979
2346
627
6181
4327
3855
4248
2465
3813
6159
4891
4451
4279
6586
5337
7350
5054
8547
6602
8654
2265
645
4000
8376
4457
2272
9008
9930
7730
7762
7283
7061
109
4262
3242
788
4469
7490
9605
4635
1
4496
9086
632
7434
4423
7982
2488
9322
937
7494
1587
7934
1494
6316
2391
118
1676
2321
4200
9438
5956
1261
5899
218
855
6687
1040
4698
6293
5675
1051
789
4761
1684
4576
9184
6018
7064
4858
6955
911
6446
4889
2405
9114
3633
2524
790
2306
3076
228
4615
690
2480
1185
1545
5519
2225
2595
1812
7900
3647
8954
2661
5331
3530
8197
1349
6946
3056
4657
7857
5854
9546
6615
4968
9531
5491
2110
1838
8567
8690
6453
9257
1170
7638
7155
6690
9864
9750
4854
4116
9749
160
6778
5080
42
1327
2782
6989
735
7439
1198
6589
3337
4165
7909
2869
9656
19
1059
4576
8710
3864
185
6232
7854
3692
2922
4070
3443
7777
8187
9544
7937
1317
977
7980
2644
3759
1321
9732
7550
8871
2673
887
3037
583
108
9045
6954
7519
9973
5664
7735
159
8249
5590
3851
1171
9660
3646
5300
7847
3191
9590
5516
4168
3922
4513
4279
5243
4245
1829
466
6918
9068
9855
7501
5529
8901
808
9400
5226
2824
7136
5385
1073
2726
5589
2245
2386
9235
7545
6586
8778
7135
2102
9298
1057
2967
3577
2652
7212
1758
9471
4131
7179
9326
7984
2708
4579
8792
2108
9806
7969
9244
5191
9042
8322
7132
1287
7061
6368
5185
3647
1498
8672
2101
797
6082
5069
726
5086
8633
8837
4557
9116
6016
3884
7101
5076
4815
2245
7184
4621
6566
2781
6165
5609
1103
3297
3248
8164
6017
8433
8163
7516
3458
6617
4665
9540
8038
5391
978
6671
580
5536
5788
6596
5772
9241
1672
587
7838
5209
1561
4405
7990
7726
14
5445
1023
3262
3610
3393
8048
8125
7261
1506
4742
1926
7398
9132
3669
8376
5804
4250
264
7944
7198
6036
3537
8871
2976
1375
4080
4537
2132
8422
2263
8498
219
9638
8113
3829
9383
6161
8307
6644
4019
9401
8570
7769
8534
8592
2497
4338
2842
2762
8634
6392
5150
2171
5263
8126
9898
5695
2663
2031
469
1278
6881
689
7269
4994
870
6652
7507
9177
3297
7878
4931
8219
5647
3465
6811
4497
4155
6005
7259
2789
2398
8761
1312
4013
6888
1210
6061
5903
9593
6530
3534
6475
3571
803
7821
4442
3807
5329
9971
3456
9559
4902
1676
5207
4719
4839
6056
8874
7197
3315
8015
9595
8428
9327
9960
1668
6890
6021
3924
6483
8904
7458
9310
2475
4613
7132
3269
8420
8813
3241
1877
8372
4495
9905
9931
9215
4744
5987
8089
1941
5654
2457
7888
4083
8136
4201
5751
5026
222
9675
7862
5478
7133
7172
7954
8098
656
1223
2871
9469
816
1100
7842
5312
1005
7773
4527
2101
3761
8968
395
9415
1425
4635
3498
9562
8836
5602
940
5411
5277
8802
889
8763
2327
5195
3213
2983
2771
6084
2453
3587
7184
295
8899
4541
4420
9778
2995
8181
8747
3390
3949
6524
4377
3799
2438
3214
9401
3379
4977
1031
2181
5866
9794
4508
7414
9359
7492
185
5444
6297
124
8980
6592
5376
3522
7364
5154
6517
5546
253
6259
5847
3130
636
9646
5568
202
5400
8947
5179
6431
7481
7398
2577
1989
4812
1936
5833
1349
7380
2130
1473
2713
5074
3201
6235
2439
4708
9104
4337
4961
1715
6536
8091
2351
6182
3660
8906
1582
8959
4085
4365
6440
1483
6942
4782
2647
5231
615
3996
2611
9098
1822
5324
524
5023
7911
9315
9731
3367
4
1045
5082
6540
5488
3786
9075
9148
2692
657
4460
6777
1375
900
4613
8317
5682
7260
9900
2650
7609
8864
1748
9431
4188
8624
806
8452
7940
538
8171
7944
1583
3254
837
7071
7040
9912
2572
6084
6921
7032
9213
8296
4284
3826
2966
6319
7439
2866
8969
5048
1730
7069
831
2271
5693
1637
7075
9985
2175
5246
4282
110
8500
5119
3534
1892
5031
6106
7976
1952
9490
7190
6601
126
7368
9567
6445
4807
2433
1766
6207
516
8835
7038
2787
881
8676
6214
866
7203
1460
5148
3666
6313
6619
7200
8205
1650
9658
2534
9955
5500
6076
6556
5626
9796
6123
8424
4604
4908
190
7163
1776
9026
554
4563
9907
9230
777
7125
2785
8590
2274
6451
4903
5245
3651
3108
6896
3309
1994
3203
5161
8070
9759
788
7867
2234
9212
8823
3494
9402
2338
5271
4780
2892
6186
1039
8474
3316
8165
1260
1906
6791
4063
6809
2036
7715
6269
5284
7376
4616
8487
2538
9038
8246
9678
3257
6832
5242
2080
327
996
771
5598
5777
3663
8136
6816
2138
1452
1333
9750
3358
8124
3813
6519
161
7880
9141
5445
1609
3757
285
499
2795
8531
177
6053
1716
1771
4485
2043
2767
5256
3993
4896
5272
2129
1713
7410
9934
3046
3512
9644
7523
7325
6164
7684
5206
1657
9481
3167
5414
9766
3666
4561
4650
195
6966
6366
1966
1452
4761
4733
3060
5106
9630
8332
7235
7695
2094
7169
7093
5606
6814
4616
9284
9330
8652
842
987
4486
4009
2753
604
4027
3666
5254
4222
633
7972
6188
8437
9085
7273
7849
4191
3255
2534
7779
950
980
1300
4396
2939
4466
9012
2223
3796
4017
9417
1135
8503
3426
240
9107
7453
3907
714
8027
892
5038
4215
5681
476
7840
3530
1019
1096
2416
8798
8398
3397
99
2794
6336
4565
8159
8559
4714
2176
7976
5849
7031
7754
2442
2490
1559
2701
9556
9586
9945
4595
153
5626
1423
7993
5508
2442
9089
7925
1241
7488
1322
7692
6634
7658
2257
4793
2569
3323
6969
6897
5525
352
1003
7967
2843
2562
668
2399
2148
613
3346
8653
2591
4769
6646
8099
7212
2088
6024
4805
5928
3698
2497
2562
7708
1106
7356
277
782
677
3526
6307
1030
4529
4274
225
7091
1294
2624
5591
8259
5971
4244
850
7092
7243
5301
656
9331
7678
5461
5259
1376
4310
4173
5437
1769
1529
2066
2551
8559
5593
5210
5941
6474
9484
6166
3566
7130
5142
5509
1741
1113
6106
2591
4558
3349
4244
5214
2680
1922
7028
4291
9651
7690
8464
5088
5811
6346
7154
4714
4905
9099
9924
7198
5574
9408
9716
5492
2890
4858
1001
4631
2324
7107
3574
6882
456
7819
8448
9488
6093
5476
3779
5744
3167
2244
7184
5330
8590
691
45
9847
9790
9969
7045
5364
5730
3113
7208
8620
7971
8210
3252
295
1669
3178
3529
2126
997
1978
7966
3443
7454
1746
5539
6973
342
2724
2304
8932
9767
2349
5131
9557
2318
8528
1274
8048
1641
8482
3021
9612
3044
2625
6260
4714
5803
9789
3192
6801
1767
1158
244
9222
2904
2135
2547
9598
4859
4851
8530
4626
3552
13
536
5871
8541
8162
271
182
6644
3292
6147
6041
5917
2407
755
8073
2196
3947
4874
3964
1457
1470
9538
714
3605
2085
312
4817
3289
8843
5795
6841
5208
2683
9064
3750
845
9336
284
3842
8980
6431
9883
1250
8838
638
9323
1035
937
549
1351
2394
8371
889
3108
8328
9326
3421
3145
2615
8616
5293
9457
3824
7976
8521
3926
5174
4209
4211
9016
3190
642
8899
792
9481
5889
6467
6868
6826
7016
4571
5572
5387
5460
8681
3715
1138
2102
3213
3754
7070
4858
3211
894
2834
8084
4821
8008
2294
5384
3376
1836
6026
2275
8980
1859
4516
5447
8727
1342
2463
3298
6915
4202
5110
1948
4269
6249
402
3834
6355
7472
8692
5918
4718
7879
4002
5891
2239
2648
1275
5616
836
7302
4243
9816
5513
8760
5263
593
6454
4078
243
9721
4632
5354
8021
8902
7955
8423
9088
662
2247
4133
6580
6966
2012
6934
9209
603
9583
485
6219
419
4139
6815
6588
6004
1927
1851
6597
8381
2282
6841
4455
6914
2195
2476
2168
6502
7252
1257
7164
9499
5390
96
2817
3754
7030
2027
4357
6613
8864
6929
3385
9355
3744
9973
5359
5671
8176
1957
404
458
8798
1211
3725
7345
40
5893
199
7292
3502
7363
3143
5244
7459
5961
5350
4489
4340
9708
7455
3204
2989
7192
2559
3085
7165
7918
5108
1693
6227
1864
8504
5025
3076
2229
2370
9468
4474
2569
3112
7977
6284
6255
9573
95
8568
4924
937
2908
984
4744
2464
3973
1936
5023
3410
5453
9294
8518
7146
5521
382
5650
6899
9810
4231
9269
9278
8706
8191
2390
3035
827
8646
2608
7275
3566
3884
8212
6475
4868
2956
8939
5193
4892
315
4955
345
5961
3473
3843
7834
208
5846
4733
18
77
355
9297
5135
4898
1687
8170
5725
6685
7131
3000
6604
1015
7564
9431
2236
520
4722
3781
1764
5037
8737
8461
7350
8562
2305
5185
8770
4503
9918
8789
4580
273
8086
9716
5171
6125
4238
7249
9163
1369
6601
5767
2385
4166
5198
973
1038
9920
1106
2803
1310
9843
7616
8660
4758
6273
3845
3528
776
116
2317
1709
6741
6755
1425
8265
9233
5663
5514
8396
7033
2115
515
5770
2633
2065
3095
3672
1985
4201
2827
9647
397
6795
8308
5155
3069
8505
8683
3845
4973
7353
1906
1715
460
3331
9980
9693
5347
1846
4441
8732
313
1308
854
2947
3373
3949
2971
1711
4502
5798
1358
4899
2593
6018
6406
2014
876
1442
2212
5849
5147
4118
7564
5607
7450
3896
1653
9149
5742
6094
7881
6056
7403
8735
9003
7128
9036
1974
8839
3538
4124
198
4790
3069
6216
1196
5084
7092
8990
7296
9294
4137
1414
6858
9745
5216
755
1398
4365
2849
3844
8598
8905
7599
3685
4260
4728
2721
2586
9919
2612
6710
117
3754
6132
2686
1302
1216
6130
293
4864
5424
4430
2630
8635
527
7847
5742
8277
8564
8591
8474
3515
7497
6073
7200
1757
7153
6274
4344
7073
8886
7406
3542
2640
3538
6228
3942
1106
8711
587
2322
4135
5018
4953
2770
5545
9152
8512
175
7716
7104
8649
7583
953
1074
4784
9062
8228
1058
9758
1653
6296
7165
5195
5288
7055
7776
5582
4514
6487
6170
6836
622
7540
1789
9745
9437
941
8257
9612
5010
1713
8261
8945
2666
9336
3729
1729
3916
1139
7839
5569
7435
5004
7116
2723
8412
4892
4658
2926
7731
828
6114
4706
8368
7904
4451
4157
5197
9060
3770
6559
774
2031
5505
9792
7719
5586
1521
1635
6726
5713
3556
4161
717
673
3237
5481
1917
4247
4759
6001
5075
874
707
9795
5130
5158
3952
6679
570
7722
3239
1344
6106
5096
1137
177
682
9010
8165
7408
4723
1721
7922
1793
8746
7511
3626
7016
1758
8386
3017
3185
5612
3724
2980
742
5234
3284
7421
5804
7359
7012
3501
9817
2108
990
9994
2791
6352
4511
6551
1076
6233
4473
9221
1331
8336
9199
8347
94
7585
1364
3279
3197
1440
2611
291
6674
5896
7713
8831
9607
4725
2332
9424
6834
3322
5770
5977
9674
282
2528
7102
2867
3354
2675
4198
1690
1875
8898
8137
5812
262
1416
9010
1703
380
9301
4729
2628
3366
3560
2235
4444
5892
8011
7630
5566
133
3607
1593
415
2487
5047
9634
5841
7723
185
3884
9598
9083
2021
5410
9345
9789
772
7400
169
6426
2130
9149
6144
2042
1384
588
4287
5747
8218
6205
5881
8177
7798
2648
7017
2846
2283
2858
6921
8820
3094
2871
7903
5115
8281
3600
1257
5406
7353
1426
8184
5835
576
4328
7877
8312
1269
2164
412
5839
4722
2645
4017
2520
5293
1034
1718
3928
244
8639
2748
3339
1510
7003
4806
6144
604
6063
7902
7957
3842
6086
3792
770
6766
1669
5434
8035
186
5846
3875
4908
8491
4244
3780
137
5278
5499
4065
1874
490
3166
1565
2001
169
6372
4497
7125
8787
2399
5082
2629
4837
5226
9751
1603
6896
5186
9639
3434
1032
9866
4694
5876
4110
8474
6013
5740
325
6430
7614
816
5948
9180
9169
6118
1904
3666
3243
691
2417
4678
9673
7254
9904
9424
8857
3152
4610
4848
2938
1995
4714
7632
4223
8824
2459
236
916
9136
3018
8531
6304
8967
4063
5473
1437
5967
5491
1032
3010
7908
5710
9035
5162
1967
8460
372
5119
9422
5220
8058
7769
6287
2042
1992
5111
853
2228
2380
9990
1599
911
6294
566
4974
8120
8355
7293
3611
9387
6655
7872
1450
5691
3034
3417
503
9758
4888
9925
4979
2946
4047
1266
1341
6039
2729
2194
4620
5109
2184
6219
2372
4831
3137
3698
2951
1492
991
2914
7231
3999
786
5033
9690
173
8450
6545
9931
9691
6470
4910
8989
517
2528
330
2909
5258
2525
7529
6719
1061
3748
9092
2244
3237
2790
5195
4729
134
4462
8312
4133
5248
3346
175
1773
8148
6720
1705
7839
9542
2967
3181
6412
5496
3511
9321
7106
2388
6850
177
3450
6950
9269
5694
187
8412
7242
1268
8546
1704
9580
9031
3304
9278
9206
5078
3779
5926
6783
7970
1820
6102
1151
8232
1598
4663
7553
5056
7051
4403
5234
6853
1353
855
8900
7892
9267
6142
9160
4165
4198
8741
3196
7502
4371
2402
2580
8150
4680
5715
2473
6501
1818
3624
4733
9768
4639
8639
1177
8043
9394
6411
4896
7100
3618
3796
4992
2886
6290
4153
7051
488
9246
248
7991
3617
9002
6923
8120
35
8991
593
6536
809
569
7621
6929
5209
2612
8106
3252
2007
869
4500
9107
4488
4649
451
3726
939
4604
777
1428
202
7377
5771
3820
2732
9046
8292
2767
8037
5237
5655
5198
5806
9628
2128
7367
2241
6586
6971
600
7456
1472
6059
8296
2473
6510
2022
3412
7467
9151
1192
7669
2881
3315
7841
5613
2362
6133
4732
6751
1370
6739
1950
3529
6367
430
896
4960
7016
4220
1912
824
2044
7971
9120
4517
834
7494
4281
4653
6646
1826
2322
9527
5141
6516
1492
3855
2649
2576
6959
372
9315
8909
253
2034
9339
7501
3347
2707
1721
5259
9884
3765
9583
5356
4634
6769
2851
8916
1422
9497
7094
96
5376
8587
6612
3220
2443
5614
5796
9402
2338
5111
4663
2591
3497
354
92
6844
9413
1814
8456
9297
1931
4391
4654
6566
1160
7505
1834
8934
3354
8928
5382
5082
7515
1995
4654
6310
7609
450
2064
6299
1913
6727
8890
5410
3433
5334
8607
2847
7148
3415
8496
5432
7806
3150
8350
5318
7007
184
4252
6713
5464
9634
1795
9331
7981
6449
1994
1942
3251
4058
8241
5164
7138
7131
6927
6923
2466
1886
9770
5966
5301
8267
7750
3107
7769
6100
4777
4777
2636
9029
1490
4452
5015
9638
136
2997
2439
2130
1291
2043
2540
9533
3559
9678
3016
6838
6602
1834
8724
2724
7801
377
7343
1903
9836
5113
4356
4613
6242
3344
3642
4084
7797
5010
74
7933
8007
8866
6415
9298
909
8955
5183
4468
4986
8200
7659
7940
34
6383
664
4187
3113
4360
2443
2949
5825
6799
7563
2067
143
1205
6151
4292
2567
6226
2225
6926
5092
4992
2577
2353
3948
7760
3173
8934
2312
832
6874
2347
3568
3890
2886
6681
4602
5329
9630
427
2128
3545
2494
8624
4751
4998
2916
3670
7576
5142
597
2668
134
3174
1373
434
934
4546
9368
9599
1731
2594
1946
1651
2837
1184
4684
7439
6514
4314
7867
4994
7860
6713
3618
8963
1711
6535
8985
9287
8029
9582
8307
4515
2756
6032
4950
43
579
670
9642
8662
9617
7940
313
2454
9124
4997
6245
1990
5663
464
6985
9875
7178
603
5190
5241
3490
4176
881
1519
110
9188
6035
9219
5221
985
5614
2152
8007
1608
7166
7624
9548
3831
78
5024
5180
2676
3367
7195
3140
352
7071
6670
7307
8613
1912
798
9141
2793
2317
9252
8333
4704
4823
9906
5689
437
8410
3697
2045
5576
1321
7945
9407
7752
2969
939
428
6336
8135
9920
3040
1558
6591
348
171
8503
7498
5665
7648
9815
1269
5981
872
6092
2240
6561
6529
650
6610
8574
6227
4284
2871
1986
8388
5840
2926
5168
8529
1061
5088
7921
2619
1679
8269
9142
6534
2119
4807
4182
8287
2428
6516
9159
8520
8756
2072
1401
5758
5035
6327
8337
9319
9198
324
4059
1391
9602
9227
6272
7015
4315
4193
9634
2347
8815
5128
8881
934
6288
9416
9221
8716
2284
8380
3589
1040
6805
4990
3150
1840
1318
1488
7511
516
8164
1570
1907
7766
7149
4531
4781
1464
8725
767
163
7540
5895
9045
4826
8535
4813
4048
7252
7097
8780
841
4489
5585
2183
7639
7425
3501
9127
4936
370
7291
2858
8629
1409
7
3161
6190
7824
1886
6957
7987
5778
9205
3384
604
7740
8197
4652
1344
5294
9785
2185
9783
5370
721
3775
9148
4222
2902
436
4592
6546
3295
3222
7955
3302
6383
498
1126
4621
7455
5466
399
3012
8850
1003
753
7048
2008
2097
8694
1793
635
8478
3515
1356
2253
2663
1930
1507
9452
6523
4405
2747
6097
2361
2401
8832
2859
9880
3453
6666
5346
3852
9679
4196
4855
6784
7596
6863
8881
6291
5008
5868
4769
8524
3576
3374
7539
5507
1233
3343
8382
5639
6090
4479
8000
4844
3311
7211
4724
3116
229
70
6968
6260
618
8175
3044
8215
1391
8278
4506
6399
4146
5627
1275
4075
5353
5167
9582
6586
8510
7964
2225
4601
8795
6577
5797
8458
140
521
1574
6722
6943
4894
2982
7561
3069
6027
2128
4460
4305
2986
7212
4803
8613
8487
8878
318
3654
4812
3257
2165
9128
5482
3118
7923
8412
8915
6381
4904
5788
4307
1626
2731
9201
4609
292
2271
636
2421
3083
1293
5407
295
2448
373
5135
7679
7043
5141
2491
300
3658
1620
2135
6776
5895
547
2043
2277
5451
7831
2936
3430
562
2138
8039
7207
761
5027
9628
3844
2672
1387
492
5120
8112
1979
2799
5156
7120
1643
5456
779
3263
7591
3907
9158
4490
5951
7787
6294
134
724
9724
697
9214
7763
7904
9975
9142
3884
171
1814
1623
663
6934
9736
8994
6086
1244
6115
7729
3052
3246
992
644
3505
6502
1486
5808
642
7780
5943
1366
7504
2992
580
1619
896
6907
761
1132
7078
2575
9107
4094
5862
8843
3088
1948
6439
5555
6029
9492
5153
3373
6488
8659
9875
7974
4467
6869
2107
6762
8235
5963
9754
5167
7583
7002
8426
4696
8134
5505
7272
3594
5951
9486
2437
9039
7786
5229
947
3815
4721
2452
7188
7561
1111
3415
1887
1931
285
3994
5045
4872
9958
4800
6392
7541
8154
4818
2237
2641
6675
5861
6235
2626
1699
5024
8018
9485
253
5317
3300
1326
7769
488
8887
5233
256
775
3516
541
4769
8561
1765
1079
9713
8157
4972
7868
2976
3562
509
6003
9423
6744
8630
1123
1768
3000
608
2022
8317
261
3348
6086
7101
8588
7671
7357
5715
1187
4250
6836
9749
6016
7916
9462
4173
2888
3682
3501
6450
4191
9505
2226
935
4487
9701
9056
7487
6661
1078
2156
6922
778
4594
376
5718
2266
7733
1433
3453
1984
8270
9554
4352
6186
5369
8525
5426
9051
8379
8229
3243
7884
455
530
8723
6508
9586
2562
3169
7016
4718
6444
7795
9312
6820
3513
7930
905
1299
1384
9241
9569
938
3593
2107
2659
8471
7533
1711
6850
5762
1306
1086
2569
1836
9809
5429
7775
8723
4951
4791
3441
1395
8938
9105
4567
8804
7036
1824
103
4772
7418
9672
2062
1011
1779
4722
5834
5664
2785
2684
7779
4091
122
348
2279
6283
5778
54
5006
7081
4846
8447
4828
3784
3905
9395
2588
7293
7571
9043
8417
4989
8715
479
2353
6846
1553
8187
2511
4338
7224
290
4781
7346
6990
7061
3630
9120
7115
8636
6201
8313
3436
1029
8450
3693
6776
1038
986
4348
6434
9403
5689
5149
6234
8042
1996
7788
6230
4507
8478
3454
1149
3260
7152
8139
321
782
7260
3788
5771
3461
2102
9207
843
552
2900
7619
7942
238
8319
4376
9641
4009
5878
2227
2051
7874
15
4633
8733
4846
4439
9882
8106
1592
4373
8427
8726
7985
8567
849
1447
669
56
8642
1221
9308
6261
5516
5898
4581
9892
5539
8590
5770
4119
6993
9996
4134
7979
5081
8980
2418
1315
3438
362
5689
8217
5441
3674
6785
6290
1473
7454
2699
115
5028
8359
6377
544
4258
7310
6788
6149
2252
8911
268
5597
8907
755
3576
341
6087
2347
1656
9526
9061
7345
7743
4502
7372
4528
7145
8845
8335
6196
5313
3363
4555
1690
259
8813
5352
3399
4963
7604
2310
1583
9553
7570
2338
3130
7911
8426
5477
9567
7952
890
3265
2047
5393
637
6576
8890
5834
4911
5086
1147
4626
9641
9189
1237
4807
4541
4636
6122
8497
6947
7705
8051
869
6396
7533
8780
4822
9362
4699
9126
252
7964
7525
1997
8601
4101
887
4436
5364
2325
1935
6342
1967
1125
7579
3126
2018
2216
5600
516
5515
9657
4919
6384
6053
2452
5164
7227
1814
9863
2705
2066
4180
231
4064
2781
684
1303
3569
6049
3629
5505
8743
1948
2982
6323
5074
5000
4891
674
5516
6758
6683
6787
3142
2737
5591
4658
9964
7405
873
2670
5824
5053
9253
6240
7835
9937
7543
7756
2338
7524
9613
1082
9472
2595
3757
898
7596
5000
7924
9464
1758
4608
2604
4900
7345
8195
5910
3661
5601
6783
2683
7777
1837
1936
4017
6024
8226
7912
3780
564
5437
9746
7998
4909
2341
8107
2160
6289
3107
84
2106
1217
4692
4710
6117
2037
2905
8379
2051
4858
5163
4734
2635
7000
3023
3004
3024
1249
7269
3156
1813
2706
2902
6164
3967
5244
4271
6127
7885
7379
6212
9991
8596
7256
4701
1066
5646
3959
9445
7697
8817
4608
8783
7805
7960
1806
7161
984
9407
4430
4141
7573
3488
3395
3737
7456
4991
8008
9935
2877
1739
2499
9220
336
6108
3922
7754
1754
7881
3551
5803
3050
4512
4586
855
2472
2745
8017
9809
2152
8799
302
6077
2288
3697
9814
6096
8689
7823
2383
7918
9562
4883
7138
6250
7343
7412
356
9097
1645
3908
4900
4696
4772
5838
1903
7244
4935
9920
7053
3440
5072
3707
9517
7360
7405
9332
3456
2446
3507
2191
364
9421
3426
3854
5672
769
1267
2380
9866
2912
6288
1118
7608
1060
3309
9512
4657
8244
5784
8062
1684
7208
1770
7554
4568
5527
6886
4376
4325
6745
6568
4689
6166
9994
4895
1838
764
6162
4219
6982
9075
6859
4453
3035
4272
7762
8899
5281
2358
1036
9695
4043
8244
1465
1597
9165
3344
4835
3541
7669
1580
6461
8710
7746
2808
3606
5937
9924
9768
6508
3258
5195
9719
7711
4583
343
5473
9834
5624
4184
870
5320
8227
5467
3137
6176
4632
2834
7363
4525
6855
5295
7339
5566
9393
147
9172
1682
71
5292
4542
9681
6840
4262
7393
7775
957
9218
7609
6582
3402
4832
8254
7981
299
7743
509
1283
6929
7872
5808
3785
9519
3147
9351
8913
9646
4875
595
6069
6519
5138
5751
9711
5752
3144
7486
6709
2362
5096
9643
2117
6280
4249
98
6579
8345
6960
4214
5274
4832
22
9059
704
9522
4762
9617
9168
5989
6564
5238
8861
8054
989
8572
158
485
6059
6868
9199
7507
2863
1316
3787
7113
7767
6718
1810
4727
932
7084
5911
7306
2496
6615
6828
3610
2584
2349
9600
5501
7587
8461
9907
4928
3385
66
1765
9444
3286
964
3303
6149
8633
3442
9614
6400
160
1424
7479
1092
4861
3390
4751
7357
6358
1579
7319
8942
3928
6919
795
7867
1732
703
9147
5118
769
912
914
407
8229
4218
2908
6862
7660
2523
3262
4173
299
741
1617
1512
483
6368
5221
6841
4300
2541
2136
4580
5812
2931
8800
7545
9986
7947
9015
755
5212
6281
7514
3441
6851
423
303
864
9298
9917
5037
5949
7010
3006
7462
7493
9375
2683
687
27
5224
2823
4607
1037
2106
3407
4934
2093
7707
301
9200
2919
6582
6715
2712
3434
3490
3015
4298
9140
9284
5687
5089
6294
8693
8903
3787
4420
1587
826
4447
3163
1
9055
552
2108
8814
1838
553
6521
2139
9753
5792
5074
2820
8504
4860
2662
7871
5510
1802
7155
1197
6892
3449
6242
5795
3589
663
3734
767
5110
6898
769
517
3802
2877
9332
5641
3430
2205
4132
9535
4350
9206
2356
9206
4066
5018
7078
9576
3173
585
7125
65
387
3368
2212
328
4031
5947
1095
5493
9197
1864
6011
9351
1093
1695
4992
4523
252
9125
411
4602
4683
2767
3809
5102
4137
7239
1030
7310
4176
8156
3727
915
1524
2292
1243
1907
4591
2339
7400
3788
555
9763
3139
1649
1458
4484
2524
8063
9961
2935
2665
4644
2054
2826
9746
6192
6417
777
9854
594
5285
9934
1509
6809
2226
9105
5068
6817
7796
2468
6957
8351
2232
6448
6352
42
932
8877
4457
893
1812
7123
1890
219
6301
1636
2763
2719
8765
2617
9665
4050
8903
7526
7211
1129
2983
2279
4298
779
1100
1255
5483
9684
7704
1835
6078
4988
7064
536
5882
5229
4011
7772
5448
312
5760
8211
9383
878
7180
5400
1280
6084
2927
8492
3565
2262
7123
7864
3042
4575
5471
8525
4259
3175
6712
6690
8164
3777
7226
398
9006
1237
4522
806
7901
282
9017
7285
7512
2549
9037
8793
4985
8316
3637
8551
579
760
2767
3621
1688
8238
8498
2299
7766
5210
8989
2282
5339
6215
2680
697
3804
3554
1503
1706
3836
6872
5343
7701
5774
4380
6494
759
9049
131
5662
9628
7243
8429
9601
8931
6668
4451
1231
786
6013
220
3068
1353
2788
2100
8402
6592
5654
6258
4650
5842
9482
6345
3543
5256
7078
37
6016
6127
6520
1678
2107
3764
6460
1708
9047
9480
6159
278
266
2172
6851
9686
9877
9639
1786
8280
2583
7440
890
3586
3282
372
9931
6826
5629
7009
3215
7997
3136
9736
9675
1595
9852
2487
3303
8899
1967
5814
9178
8585
4339
2381
8271
4216
8372
57
8848
955
3849
9738
893
7132
111
825
310
5740
4186
9877
3737
7323
9613
9764
5270
9465
8604
8574
4717
571
4388
3895
5509
8727
2628
3780
9296
1000
190
8144
8307
4039
4235
9201
7523
4346
6378
4185
6438
564
4063
6527
4239
28
2643
9510
5846
1247
8084
563
8171
8824
810
3680
3904
3438
3812
9552
790
354
4048
9097
746
8283
4650
8269
8981
1028
8807
1771
1593
9222
8298
5832
9250
942
5342
1448
8541
9778
8363
6712
4955
9173
6744
8859
8963
6909
4763
9753
7263
8811
5203
4361
3447
9853
8983
2428
882
7790
4200
8827
7012
8850
4659
2614
6144
6354
4063
1038
6132
2426
4102
7439
7952
847
2650
3267
4108
7413
9373
7723
6225
4576
2085
9672
781
1068
8452
1663
8858
9004
6842
2222
4207
1502
4836
351
4208
5251
1389
6692
4030
5492
4132
1982
2691
6782
5249
6799
4196
974
874
6773
5550
2959
6445
6332
4027
1249
4347
9237
254
7542
1459
4461
5396
2648
1164
9604
7899
8906
6296
1929
4398
428
263
3441
3563
1865
6592
7759
2839
7466
884
4742
426
3681
7426
805
4930
1773
43
1536
5667
7854
2349
1063
502
3514
667
4754
2420
3316
6683
3170
3744
6947
2963
3659
8812
9555
7770
8003
7021
8654
2745
3799
2335
171
4605
3618
8297
1000
5154
3964
8854
7504
5028
5709
7370
5695
463
6142
9011
3498
9312
9108
6797
2275
9119
1961
8182
6890
9965
5203
5544
2710
9003
4232
2882
9960
7850
1179
960
3004
1495
6166
6860
6523
1875
4230
8571
8690
372
3934
8541
6036
3042
5338
4663
8514
7300
2845
5404
7265
4401
7300
6327
9756
1532
9209
9716
9382
6740
676
2387
8236
6842
5599
4759
5070
9830
3330
112
6554
3617
8653
2591
6659
344
7254
5173
7644
6452
6929
1261
853
4230
7588
609
5762
6798
325
5145
3538
7353
3884
8126
547
9483
2886
1969
5665
2568
2082
2220
6185
7087
4811
9197
7431
8417
722
5075
4869
4004
6336
2074
8234
3925
2683
3996
7075
9360
5493
6965
6713
5729
5092
3613
1565
4330
5582
7230
3250
7664
5802
5788
4752
6965
4985
2183
5383
2059
3611
6604
6063
6299
5031
649
6576
7714
4646
3651
3427
6491
6969
6492
8573
2061
105
138
2743
5688
3720
5993
3352
9523
1781
4456
2840
3118
2992
4575
1530
6603
1180
3945
2902
6211
4595
5831
277
5593
9482
3704
2084
6451
197
7009
4864
6654
7147
3959
2342
7220
9953
5695
3095
8086
6503
5935
1205
9495
511
9087
6098
8043
3032
5353
4254
7627
7536
883
3220
7018
940
1657
9822
7489
8666
1038
4143
2166
4998
6486
9386
1303
8533
2481
9389
5036
4768
6946
4532
5279
6033
6982
3322
5418
8687
3928
3045
6223
1164
2618
9594
2104
627
5768
5945
9293
3158
6440
7811
8156
2926
3549
5811
7811
2382
1553
2848
7151
8499
3732
2430
885
7066
2105
6303
5754
6033
5700
8329
7197
4670
4275
5653
5297
43
1598
943
3202
8039
8754
7710
7317
8656
3522
1481
1038
5075
4329
8189
9926
4413
6972
7163
1479
9077
3466
3585
5110
5519
8267
8660
189
2542
4313
1839
2586
2264
2782
2140
6655
7888
6202
324
6544
9724
1805
7583
1151
2486
2124
7430
6899
9096
4593
4731
8173
4412
4668
9636
9931
2935
8296
6472
5478
8961
8311
4416
1225
7445
2908
4232
5334
9110
4557
1878
5187
2714
5813
2690
5201
7938
120
8452
3386
4714
9535
1560
5478
4204
1196
5409
7139
5844
8233
8969
4805
2897
9737
2383
342
2645
2967
5676
1756
7524
3907
6943
6591
9720
5985
1792
4010
6106
6596
7397
7172
6132
5309
2650
336
2857
4411
3827
8701
2644
2797
9858
5541
2534
8593
5884
5180
1561
7912
3288
5437
1819
6583
2028
1540
2568
172
1902
5026
6769
5651
2198
2901
960
4848
3237
169
5611
7064
5222
8256
6213
5081
149
5100
26
2385
6632
1587
298
9920
3377
2117
2855
5405
9
1775
1930
1912
6802
8699
7563
9000
1600
4876
201
1189
5045
5812
4605
268
420
7171
1701
570
2271
1727
2955
8903
9667
9605
5175
9396
1723
8030
1153
1732
9805
3083
9996
2959
1782
3912
1960
9734
8788
8513
7275
185
4325
8233
6805
1098
5404
4858
1668
7675
6586
975
2930
2605
6933
8105
2001
8656
2487
9506
6740
8644
2590
3089
1604
4372
7001
9916
459
2141
8429
4086
8678
9106
2319
5484
204
4075
342
8224
1750
3280
5552
1032
2237
2485
5489
590
7493
7976
97
585
2973
2687
3674
4577
3411
7027
845
222
5520
9274
4309
4199
4732
2980
6035
4937
7056
2729
9513
5158
2362
5065
6191
4599
3902
8032
1542
1395
2361
7991
1981
5334
7030
2007
6263
441
5387
7108
7016
907
6382
7677
1458
7466
657
3845
2403
7713
6575
1917
2872
5289
3334
5415
6240
7237
3447
7782
4984
5808
5773
3317
7494
2803
5325
3757
9597
7064
865
2965
7971
3599
642
5782
1066
1299
9627
9821
5365
6202
8090
4589
1491
1425
6356
4084
5014
6155
1866
9998
8316
3992
3316
5810
3147
4993
9568
9096
2057
6785
2061
6380
385
2703
2162
7803
355
1790
7624
2072
4344
5715
3013
2188
3492
9369
6272
8506
5524
8138
4856
3840
8482
8172
6003
1630
9517
1923
726
1574
8708
9140
4307
5445
8195
6469
9600
8550
8259
7225
6974
2604
9292
9987
1144
9136
9356
7416
7642
1233
1906
2498
1425
389
7023
7428
8371
6540
9351
5449
4467
4412
4589
8774
9857
2785
5243
9458
7687
9855
3035
4662
8811
8679
4649
9955
7815
358
7371
1809
7943
5629
4307
9368
6018
7682
3149
741
575
2500
6191
5042
3264
780
168
3122
3565
1763
8932
7605
7970
8319
2267
6781
6998
3268
3088
4813
9978
6811
6622
7921
2441
7281
7290
4811
4964
439
5553
1891
9291
1744
3285
2556
2524
3453
2030
2442
1568
7314
47
9539
5633
8666
2672
2631
8286
5761
3796
8265
2572
6770
6186
5013
4051
9828
9825
5367
6619
1730
7258
5911
3474
543
4819
2350
348
3201
1144
1917
515
7543
7808
6148
2561
480
5131
848
2593
8927
9113
5166
5697
5299
6531
9748
1480
2708
1468
8099
4438
5078
4010
4264
5622
5181
2967
2322
8382
4111
591
8897
8007
8399
5045
568
5232
176
1416
7825
5455
529
9343
1152
2181
5875
7253
3661
4935
5073
1760
9374
151
2123
9990
5773
7304
2957
4448
2039
7069
5039
936
5076
9791
2334
5644
5023
8862
3413
9200
4318
3942
8544
1822
6123
771
9075
6136
5706
4148
4249
1432
4300
6372
1423
6425
28
4380
873
2067
7801
2265
3004
9229
2056
1690
1226
3431
552
4639
2631
1222
4933
7527
3045
7409
4650
8472
3545
357
2621
7794
8141
3273
4166
9564
6050
547
297
3276
2614
4450
5541
1970
3680
7597
12
4906
1028
565
5897
11
8139
830
7539
1184
8239
2189
9657
8137
8898
8630
5931
3392
8255
6450
9308
4305
6997
9605
7581
5963
408
3122
7934
4088
7071
7946
5346
4451
4863
7595
815
3003
8425
8354
539
3017
6895
6548
1154
2146
5178
7085
5538
9785
9887
4846
4091
6884
804
8024
9200
1212
7499
3486
1652
4570
1432
3350
5374
2648
945
6189
2003
9370
895
8894
2387
4142
5443
3541
6288
6973
6979
8178
6759
6866
9377
7202
103
6533
5226
9303
7745
2725
2789
5749
7296
573
9099
9022
9573
44
5211
1576
9414
6106
471
8154
248
2266
8047
2889
9239
1378
1067
2350
4597
6796
9552
4700
3329
4779
355
7426
7504
3144
3175
1152
69
2274
174
9643
2318
1737
7571
8085
7843
4394
2591
4444
6660
6990
7333
2252
8369
4752
4602
2966
1549
507
4018
1230
5286
4373
8657
9142
3869
8184
6647
3938
459
3173
9933
9129
4911
7505
3566
9106
1899
6157
3550
4912
9500
883
3516
7869
1988
8118
7187
3537
8625
1205
1119
263
1930
6128
5758
5799
4313
2405
6089
1124
5578
6023
6605
489
3528
172
9596
1779
2681
9498
3043
2181
382
6559
6402
2370
1030
9941
2259
6007
7498
9730
6271
9428
5859
2029
1579
6524
786
7669
4000
6364
3692
605
3206
3572
7129
9154
1703
9811
8652
4747
8344
9034
1306
1099
7756
8688
1040
6367
4696
4891
6098
7319
671
1957
9348
2251
4833
6486
6272
8833
2850
6316
5790
6056
9888
2920
1562
1591
9083
215
2690
3779
5601
349
4878
3358
9037
2271
6077
3733
3514
2175
1052
4185
484
6752
6436
5317
3238
9060
502
2441
5376
6293
4849
5264
5565
6412
3208
4648
6627
2250
4779
8580
2599
6010
8290
1637
8281
4368
1722
8147
6543
2775
2332
3380
5879
5121
5049
5470
4181
5552
7911
9558
8197
2760
1174
3762
5524
734
4762
8503
2985
5893
7084
5584
1903
5374
3573
6536
6094
5296
4683
8990
4423
7016
2370
6654
8489
7419
2124
2670
9323
6387
8580
3872
9148
6107
3986
1024
6841
5100
9528
6178
994
6612
1763
2897
8338
1688
9434
785
6984
4117
9775
7759
7485
