894
750
733
754
368
124
124
801
683
697
170
391
247
166
648
228
59
764
514
269
966
840
293
806
348
208
28
512
983
649
198
878
751
931
984
120
56
109
921
91
806
443
483
405
609
483
633
20
247
147
641
565
987
934
372
687
495
400
200
478
401
750
708
505
34
693
625
90
802
898
533
960
341
368
366
302
851
351
674
451
499
315
16
838
602
388
878
97
141
430
927
542
180
636
47
214
329
24
656
131
922
190
443
615
558
809
269
762
161
943
213
12
611
229
202
213
618
80
310
759
510
237
653
43
225
53
257
554
77
266
37
352
456
481
967
366
290
589
128
803
532
693
167
143
923
370
356
893
802
18
4
313
608
9
356
833
62
965
740
140
231
777
492
39
258
811
758
901
400
238
56
285
932
224
428
207
946
137
100
748
507
456
413
467
465
121
301
880
87
41
20
670
170
864
62
429
27
172
330
780
410
386
65
342
962
845
901
908
982
1
657
842
809
70
309
627
544
962
507
631
355
879
653
526
743
67
955
122
239
637
902
650
23
967
344
986
165
246
894
147
599
903
341
761
326
651
388
870
965
895
853
321
774
858
847
869
926
154
343
517
791
246
167
166
565
864
152
730
462
399
230
413
654
923
174
980
574
914
202
540
809
55
213
935
914
60
156
192
214
500
709
357
98
229
523
15
445
28
98
907
779
680
672
433
603
847
766
178
761
968
70
923
376
283
210
642
695
367
834
261
219
895
618
317
476
141
684
921
521
782
828
300
462
501
86
66
700
852
596
813
172
18
88
900
653
299
542
348
18
728
609
237
976
579
906
452
72
942
374
594
725
554
894
539
407
980
957
459
184
553
273
709
571
361
961
224
12
856
924
30
936
885
619
912
464
877
717
537
820
91
131
897
997
377
436
405
358
394
864
894
947
489
955
871
203
917
447
215
125
724
598
61
609
569
326
74
447
43
611
267
134
94
164
483
471
952
888
181
346
105
76
646
594
383
869
797
652
668
365
777
392
963
191
2
532
517
428
331
560
39
950
46
133
466
529
956
419
770
138
765
875
566
763
821
949
632
619
602
653
336
731
45
651
922
399
535
791
827
867
351
218
817
749
703
284
631
660
703
401
798
820
628
364
936
449
665
568
420
619
221
756
351
619
407
625
18
295
417
198
162
120
416
331
870
120
615
501
132
670
254
282
843
882
646
779
683
663
699
104
283
273
212
634
244
972
611
262
267
28
812
781
149
229
112
371
701
80
224
185
102
478
467
297
712
465
76
395
128
128
851
411
753
64
397
997
36
9
611
655
37
424
436
538
5
900
909
706
980
133
243
435
963
710
732
675
175
809
71
303
289
922
715
42
338
112
39
726
121
2
381
511
426
169
49
431
70
311
489
402
796
732
837
760
442
570
787
617
731
858
273
372
133
988
414
471
452
805
198
926
807
931
437
586
101
838
17
523
501
859
277
650
591
115
410
386
37
197
355
768
408
628
140
541
968
906
364
773
711
562
699
870
846
488
456
299
678
826
822
532
685
99
182
628
566
592
14
603
141
722
723
901
350
863
794
671
121
159
444
832
73
495
55
919
335
863
218
13
41
392
545
78
844
727
707
410
671
73
14
165
147
737
66
498
953
861
521
74
20
317
259
445
812
666
365
147
529
583
512
923
328
58
1
172
137
60
582
809
134
948
326
281
38
392
131
991
605
4
417
977
321
676
423
485
694
140
984
224
75
497
147
403
907
500
575
396
561
510
557
47
458
883
680
848
628
812
839
585
168
609
563
842
637
338
327
332
478
664
908
553
513
407
309
772
907
884
168
468
394
726
867
205
961
548
53
589
712
245
527
880
854
90
722
491
780
402
175
610
66
83
163
931
490
824
703
750
709
871
218
455
949
438
12
911
986
66
852
698
663
379
930
517
821
5
360
953
407
536
563
825
971
79
756
462
903
459
212
612
682
782
420
632
572
432
895
558
498
747
608
161
479
539
30
652
544
743
606
303
631
169
480
602
248
236
416
152
47
980
116
729
115
888
713
687
321
608
246
171
708
206
685
187
745
67
839
641
810
445
296
441
967
776
396
215
364
812
719
411
793
188
493
908
76
206
947
749
815
193
921
523
752
606
62
497
673
901
491
836
699
139
629
666
916
25
233
280
838
305
44
983
493
537
243
921
743
190
671
910
736
592
785
488
550
847
337
575
101
180
763
152
320
393
818
588
418
403
220
256
708
264
591
553
153
834
475
249
25
146
159
761
90
297
601
992
144
938
919
597
119
683
749
